0 16.5227 16.8738
5 2.5774 2.62463
10 0.626831 0.633529
15 0.323015 0.324316
20 0.254988 0.255461
25 0.223277 0.223437
30 0.19963 0.199523
35 0.179583 0.179231
40 0.162254 0.161695
45 0.147177 0.146449
50 0.134004 0.133139
55 0.122484 0.121507
60 0.112382 0.111332
65 0.103479 0.10237
70 0.0956411 0.0944977
75 0.0886993 0.0875347
80 0.0825315 0.0813573
85 0.0770397 0.0758677
90 0.0721338 0.0709732
95 0.0677338 0.0665892
100 0.0637757 0.0626549
105 0.0602036 0.0591107
110 0.0569695 0.0559077
115 0.0540308 0.0530022
120 0.0513551 0.0503626
125 0.0489094 0.0479533
130 0.0466678 0.0457491
135 0.0446069 0.0437255
140 0.042709 0.0418654
145 0.0409565 0.0401508
150 0.0393354 0.0385673
155 0.0378315 0.0371002
160 0.0364328 0.0357373
165 0.0351306 0.0344702
170 0.0339158 0.0332894
175 0.0327808 0.0321872
180 0.0317187 0.0311571
185 0.0307232 0.030192
190 0.0297897 0.0292881
195 0.0289129 0.0284396
200 0.0280888 0.0276431
205 0.0273131 0.0268935
210 0.0265828 0.0261883
215 0.0258941 0.0255229
220 0.0252445 0.0248961
225 0.0246319 0.0243055
230 0.0240533 0.0237474
235 0.0235066 0.0232207
240 0.0229898 0.0227224
245 0.022501 0.0222514
250 0.0220386 0.0218059
255 0.0216011 0.0213844
260 0.021187 0.0209856
265 0.0207951 0.0206081
270 0.0204237 0.0202502
275 0.020072 0.0199115
280 0.0197389 0.0195905
285 0.0194232 0.0192863
290 0.019124 0.018998
295 0.0188406 0.0187248
300 0.0185719 0.0184657
305 0.0183169 0.0182199
310 0.0180752 0.0179868
315 0.0178463 0.0177659
320 0.0176288 0.017556
325 0.0174225 0.0173569
330 0.017227 0.0171681
335 0.0170416 0.0169889
340 0.0168658 0.016819
345 0.0166989 0.0166576
350 0.0165407 0.0165047
355 0.0163907 0.0163594
360 0.0162484 0.0162217
365 0.0161134 0.0160909
370 0.0159851 0.0159666
375 0.0158635 0.0158486
380 0.0157482 0.0157367
385 0.0156387 0.0156305
390 0.0155348 0.0155295
395 0.0154363 0.0154339
400 0.0153429 0.0153429
405 0.0152542 0.0152566
410 0.0151699 0.0151745
415 0.01509 0.0150967
420 0.0150144 0.0150229
425 0.0149425 0.0149527
430 0.0148743 0.0148862
435 0.0148095 0.0148227
440 0.0147481 0.0147626
445 0.0146898 0.0147057
450 0.0146346 0.0146515
455 0.0145821 0.0146001
460 0.0145324 0.0145511
465 0.0144852 0.0145046
470 0.0144403 0.0144604
475 0.0143978 0.0144186
480 0.0143575 0.0143789
485 0.0143193 0.0143412
490 0.014283 0.0143053
495 0.0142485 0.0142712
500 0.0142158 0.0142388
